{
 "cells": [
  {
   "cell_type": "code",
   "execution_count": 38,
   "metadata": {},
   "outputs": [
    {
     "name": "stdout",
     "output_type": "stream",
     "text": [
      "The autoreload extension is already loaded. To reload it, use:\n",
      "  %reload_ext autoreload\n"
     ]
    }
   ],
   "source": [
    "%load_ext autoreload\n",
    "%autoreload 2"
   ]
  },
  {
   "cell_type": "code",
   "execution_count": 39,
   "metadata": {},
   "outputs": [],
   "source": [
    "import pandas as pd\n",
    "from functions import main_cleaning\n",
    "\n",
    "pd.set_option('display.max_columns', None) \n",
    "\n",
    "df_raw = pd.read_csv(\"dielectron.csv\")"
   ]
  },
  {
   "cell_type": "code",
   "execution_count": 40,
   "metadata": {},
   "outputs": [
    {
     "name": "stderr",
     "output_type": "stream",
     "text": [
      "e:\\Iván\\Documentos\\Clase\\Informatica\\Beca IronHack\\Temario\\PROYECTOS\\Proyecto_final_1710\\functions.py:12: SettingWithCopyWarning: \n",
      "A value is trying to be set on a copy of a slice from a DataFrame.\n",
      "Try using .loc[row_indexer,col_indexer] = value instead\n",
      "\n",
      "See the caveats in the documentation: https://pandas.pydata.org/pandas-docs/stable/user_guide/indexing.html#returning-a-view-versus-a-copy\n",
      "  df[\"is_same_charge\"] = df[\"Q1\"] == df[\"Q2\"]\n",
      "e:\\Iván\\Documentos\\Clase\\Informatica\\Beca IronHack\\Temario\\PROYECTOS\\Proyecto_final_1710\\functions.py:19: SettingWithCopyWarning: \n",
      "A value is trying to be set on a copy of a slice from a DataFrame.\n",
      "Try using .loc[row_indexer,col_indexer] = value instead\n",
      "\n",
      "See the caveats in the documentation: https://pandas.pydata.org/pandas-docs/stable/user_guide/indexing.html#returning-a-view-versus-a-copy\n",
      "  df[\"is_outlier\"] = False\n"
     ]
    }
   ],
   "source": [
    "df_cleaned = main_cleaning(df_raw)"
   ]
  },
  {
   "cell_type": "code",
   "execution_count": 41,
   "metadata": {},
   "outputs": [],
   "source": [
    "df_cleaned = df_cleaned.dropna()         # Solo lo hago en el df_cleaned de ML"
   ]
  },
  {
   "cell_type": "code",
   "execution_count": 42,
   "metadata": {},
   "outputs": [
    {
     "data": {
      "text/html": [
       "<div>\n",
       "<style scoped>\n",
       "    .dataframe tbody tr th:only-of-type {\n",
       "        vertical-align: middle;\n",
       "    }\n",
       "\n",
       "    .dataframe tbody tr th {\n",
       "        vertical-align: top;\n",
       "    }\n",
       "\n",
       "    .dataframe thead th {\n",
       "        text-align: right;\n",
       "    }\n",
       "</style>\n",
       "<table border=\"1\" class=\"dataframe\">\n",
       "  <thead>\n",
       "    <tr style=\"text-align: right;\">\n",
       "      <th></th>\n",
       "      <th>Run</th>\n",
       "      <th>Event</th>\n",
       "      <th>E1</th>\n",
       "      <th>px1</th>\n",
       "      <th>py1</th>\n",
       "      <th>pz1</th>\n",
       "      <th>pt1</th>\n",
       "      <th>eta1</th>\n",
       "      <th>phi1</th>\n",
       "      <th>Q1</th>\n",
       "      <th>E2</th>\n",
       "      <th>px2</th>\n",
       "      <th>py2</th>\n",
       "      <th>pz2</th>\n",
       "      <th>pt2</th>\n",
       "      <th>eta2</th>\n",
       "      <th>phi2</th>\n",
       "      <th>Q2</th>\n",
       "      <th>M</th>\n",
       "      <th>is_same_charge</th>\n",
       "      <th>is_outlier</th>\n",
       "    </tr>\n",
       "  </thead>\n",
       "  <tbody>\n",
       "    <tr>\n",
       "      <th>Run</th>\n",
       "      <td>1.000000</td>\n",
       "      <td>0.177636</td>\n",
       "      <td>0.093140</td>\n",
       "      <td>-0.000827</td>\n",
       "      <td>0.002662</td>\n",
       "      <td>-0.008299</td>\n",
       "      <td>0.154392</td>\n",
       "      <td>-0.005276</td>\n",
       "      <td>-0.001510</td>\n",
       "      <td>0.002051</td>\n",
       "      <td>0.099281</td>\n",
       "      <td>0.002639</td>\n",
       "      <td>-0.004982</td>\n",
       "      <td>0.002783</td>\n",
       "      <td>0.151713</td>\n",
       "      <td>0.005278</td>\n",
       "      <td>0.000381</td>\n",
       "      <td>0.002151</td>\n",
       "      <td>0.129529</td>\n",
       "      <td>-0.027687</td>\n",
       "      <td>0.159051</td>\n",
       "    </tr>\n",
       "    <tr>\n",
       "      <th>Event</th>\n",
       "      <td>0.177636</td>\n",
       "      <td>1.000000</td>\n",
       "      <td>0.040559</td>\n",
       "      <td>-0.001202</td>\n",
       "      <td>0.001131</td>\n",
       "      <td>-0.003443</td>\n",
       "      <td>0.059025</td>\n",
       "      <td>-0.005417</td>\n",
       "      <td>-0.000419</td>\n",
       "      <td>-0.005765</td>\n",
       "      <td>0.042166</td>\n",
       "      <td>-0.000843</td>\n",
       "      <td>-0.004391</td>\n",
       "      <td>0.002237</td>\n",
       "      <td>0.058921</td>\n",
       "      <td>0.003107</td>\n",
       "      <td>-0.003556</td>\n",
       "      <td>0.003823</td>\n",
       "      <td>0.052378</td>\n",
       "      <td>-0.007009</td>\n",
       "      <td>0.715562</td>\n",
       "    </tr>\n",
       "    <tr>\n",
       "      <th>E1</th>\n",
       "      <td>0.093140</td>\n",
       "      <td>0.040559</td>\n",
       "      <td>1.000000</td>\n",
       "      <td>0.006231</td>\n",
       "      <td>0.033957</td>\n",
       "      <td>-0.043035</td>\n",
       "      <td>0.716320</td>\n",
       "      <td>-0.020585</td>\n",
       "      <td>0.020396</td>\n",
       "      <td>0.018595</td>\n",
       "      <td>-0.154309</td>\n",
       "      <td>-0.010229</td>\n",
       "      <td>-0.020240</td>\n",
       "      <td>-0.000494</td>\n",
       "      <td>-0.139395</td>\n",
       "      <td>-0.008505</td>\n",
       "      <td>-0.007293</td>\n",
       "      <td>-0.001118</td>\n",
       "      <td>0.285270</td>\n",
       "      <td>-0.029169</td>\n",
       "      <td>0.026969</td>\n",
       "    </tr>\n",
       "    <tr>\n",
       "      <th>px1</th>\n",
       "      <td>-0.000827</td>\n",
       "      <td>-0.001202</td>\n",
       "      <td>0.006231</td>\n",
       "      <td>1.000000</td>\n",
       "      <td>-0.008200</td>\n",
       "      <td>-0.012873</td>\n",
       "      <td>-0.004707</td>\n",
       "      <td>-0.010393</td>\n",
       "      <td>-0.007341</td>\n",
       "      <td>-0.005298</td>\n",
       "      <td>-0.004719</td>\n",
       "      <td>-0.326463</td>\n",
       "      <td>0.001323</td>\n",
       "      <td>-0.004594</td>\n",
       "      <td>-0.003715</td>\n",
       "      <td>-0.003568</td>\n",
       "      <td>0.002401</td>\n",
       "      <td>0.005806</td>\n",
       "      <td>0.006119</td>\n",
       "      <td>-0.000906</td>\n",
       "      <td>-0.000588</td>\n",
       "    </tr>\n",
       "    <tr>\n",
       "      <th>py1</th>\n",
       "      <td>0.002662</td>\n",
       "      <td>0.001131</td>\n",
       "      <td>0.033957</td>\n",
       "      <td>-0.008200</td>\n",
       "      <td>1.000000</td>\n",
       "      <td>-0.010293</td>\n",
       "      <td>0.014018</td>\n",
       "      <td>-0.011618</td>\n",
       "      <td>0.594044</td>\n",
       "      <td>-0.002700</td>\n",
       "      <td>0.001959</td>\n",
       "      <td>0.002912</td>\n",
       "      <td>-0.333620</td>\n",
       "      <td>0.000201</td>\n",
       "      <td>0.002539</td>\n",
       "      <td>-0.001614</td>\n",
       "      <td>-0.222099</td>\n",
       "      <td>0.003463</td>\n",
       "      <td>0.007633</td>\n",
       "      <td>0.000799</td>\n",
       "      <td>0.001666</td>\n",
       "    </tr>\n",
       "    <tr>\n",
       "      <th>pz1</th>\n",
       "      <td>-0.008299</td>\n",
       "      <td>-0.003443</td>\n",
       "      <td>-0.043035</td>\n",
       "      <td>-0.012873</td>\n",
       "      <td>-0.010293</td>\n",
       "      <td>1.000000</td>\n",
       "      <td>-0.010606</td>\n",
       "      <td>0.771592</td>\n",
       "      <td>-0.011280</td>\n",
       "      <td>-0.002744</td>\n",
       "      <td>0.001861</td>\n",
       "      <td>0.002624</td>\n",
       "      <td>-0.001766</td>\n",
       "      <td>0.205696</td>\n",
       "      <td>0.005742</td>\n",
       "      <td>0.229270</td>\n",
       "      <td>0.003700</td>\n",
       "      <td>0.000424</td>\n",
       "      <td>0.011695</td>\n",
       "      <td>0.001090</td>\n",
       "      <td>-0.001575</td>\n",
       "    </tr>\n",
       "    <tr>\n",
       "      <th>pt1</th>\n",
       "      <td>0.154392</td>\n",
       "      <td>0.059025</td>\n",
       "      <td>0.716320</td>\n",
       "      <td>-0.004707</td>\n",
       "      <td>0.014018</td>\n",
       "      <td>-0.010606</td>\n",
       "      <td>1.000000</td>\n",
       "      <td>0.012586</td>\n",
       "      <td>0.004906</td>\n",
       "      <td>0.018396</td>\n",
       "      <td>-0.170383</td>\n",
       "      <td>-0.008304</td>\n",
       "      <td>-0.020205</td>\n",
       "      <td>0.012334</td>\n",
       "      <td>-0.031439</td>\n",
       "      <td>0.004483</td>\n",
       "      <td>-0.006780</td>\n",
       "      <td>-0.003168</td>\n",
       "      <td>0.437208</td>\n",
       "      <td>-0.112885</td>\n",
       "      <td>0.042474</td>\n",
       "    </tr>\n",
       "    <tr>\n",
       "      <th>eta1</th>\n",
       "      <td>-0.005276</td>\n",
       "      <td>-0.005417</td>\n",
       "      <td>-0.020585</td>\n",
       "      <td>-0.010393</td>\n",
       "      <td>-0.011618</td>\n",
       "      <td>0.771592</td>\n",
       "      <td>0.012586</td>\n",
       "      <td>1.000000</td>\n",
       "      <td>-0.013349</td>\n",
       "      <td>-0.001749</td>\n",
       "      <td>-0.008840</td>\n",
       "      <td>-0.000786</td>\n",
       "      <td>-0.004025</td>\n",
       "      <td>0.223889</td>\n",
       "      <td>-0.005182</td>\n",
       "      <td>0.245610</td>\n",
       "      <td>0.002119</td>\n",
       "      <td>0.002920</td>\n",
       "      <td>0.017178</td>\n",
       "      <td>0.001802</td>\n",
       "      <td>-0.001814</td>\n",
       "    </tr>\n",
       "    <tr>\n",
       "      <th>phi1</th>\n",
       "      <td>-0.001510</td>\n",
       "      <td>-0.000419</td>\n",
       "      <td>0.020396</td>\n",
       "      <td>-0.007341</td>\n",
       "      <td>0.594044</td>\n",
       "      <td>-0.011280</td>\n",
       "      <td>0.004906</td>\n",
       "      <td>-0.013349</td>\n",
       "      <td>1.000000</td>\n",
       "      <td>0.000764</td>\n",
       "      <td>0.001469</td>\n",
       "      <td>0.003053</td>\n",
       "      <td>-0.217739</td>\n",
       "      <td>-0.000022</td>\n",
       "      <td>-0.000770</td>\n",
       "      <td>0.000595</td>\n",
       "      <td>-0.135327</td>\n",
       "      <td>-0.001833</td>\n",
       "      <td>0.001940</td>\n",
       "      <td>0.004399</td>\n",
       "      <td>0.000987</td>\n",
       "    </tr>\n",
       "    <tr>\n",
       "      <th>Q1</th>\n",
       "      <td>0.002051</td>\n",
       "      <td>-0.005765</td>\n",
       "      <td>0.018595</td>\n",
       "      <td>-0.005298</td>\n",
       "      <td>-0.002700</td>\n",
       "      <td>-0.002744</td>\n",
       "      <td>0.018396</td>\n",
       "      <td>-0.001749</td>\n",
       "      <td>0.000764</td>\n",
       "      <td>1.000000</td>\n",
       "      <td>-0.011870</td>\n",
       "      <td>-0.003535</td>\n",
       "      <td>0.003557</td>\n",
       "      <td>-0.005298</td>\n",
       "      <td>-0.008502</td>\n",
       "      <td>-0.004494</td>\n",
       "      <td>-0.001523</td>\n",
       "      <td>-0.140458</td>\n",
       "      <td>0.005604</td>\n",
       "      <td>-0.005083</td>\n",
       "      <td>-0.001928</td>\n",
       "    </tr>\n",
       "    <tr>\n",
       "      <th>E2</th>\n",
       "      <td>0.099281</td>\n",
       "      <td>0.042166</td>\n",
       "      <td>-0.154309</td>\n",
       "      <td>-0.004719</td>\n",
       "      <td>0.001959</td>\n",
       "      <td>0.001861</td>\n",
       "      <td>-0.170383</td>\n",
       "      <td>-0.008840</td>\n",
       "      <td>0.001469</td>\n",
       "      <td>-0.011870</td>\n",
       "      <td>1.000000</td>\n",
       "      <td>0.006713</td>\n",
       "      <td>0.001373</td>\n",
       "      <td>-0.019970</td>\n",
       "      <td>0.760540</td>\n",
       "      <td>-0.007431</td>\n",
       "      <td>0.008490</td>\n",
       "      <td>0.009886</td>\n",
       "      <td>0.324691</td>\n",
       "      <td>-0.026206</td>\n",
       "      <td>0.029727</td>\n",
       "    </tr>\n",
       "    <tr>\n",
       "      <th>px2</th>\n",
       "      <td>0.002639</td>\n",
       "      <td>-0.000843</td>\n",
       "      <td>-0.010229</td>\n",
       "      <td>-0.326463</td>\n",
       "      <td>0.002912</td>\n",
       "      <td>0.002624</td>\n",
       "      <td>-0.008304</td>\n",
       "      <td>-0.000786</td>\n",
       "      <td>0.003053</td>\n",
       "      <td>-0.003535</td>\n",
       "      <td>0.006713</td>\n",
       "      <td>1.000000</td>\n",
       "      <td>0.004014</td>\n",
       "      <td>0.004106</td>\n",
       "      <td>-0.003728</td>\n",
       "      <td>-0.002375</td>\n",
       "      <td>-0.004827</td>\n",
       "      <td>-0.007481</td>\n",
       "      <td>-0.004408</td>\n",
       "      <td>0.001783</td>\n",
       "      <td>0.000026</td>\n",
       "    </tr>\n",
       "    <tr>\n",
       "      <th>py2</th>\n",
       "      <td>-0.004982</td>\n",
       "      <td>-0.004391</td>\n",
       "      <td>-0.020240</td>\n",
       "      <td>0.001323</td>\n",
       "      <td>-0.333620</td>\n",
       "      <td>-0.001766</td>\n",
       "      <td>-0.020205</td>\n",
       "      <td>-0.004025</td>\n",
       "      <td>-0.217739</td>\n",
       "      <td>0.003557</td>\n",
       "      <td>0.001373</td>\n",
       "      <td>0.004014</td>\n",
       "      <td>1.000000</td>\n",
       "      <td>-0.024732</td>\n",
       "      <td>-0.002838</td>\n",
       "      <td>-0.021861</td>\n",
       "      <td>0.579371</td>\n",
       "      <td>-0.001656</td>\n",
       "      <td>-0.011740</td>\n",
       "      <td>0.001674</td>\n",
       "      <td>-0.005148</td>\n",
       "    </tr>\n",
       "    <tr>\n",
       "      <th>pz2</th>\n",
       "      <td>0.002783</td>\n",
       "      <td>0.002237</td>\n",
       "      <td>-0.000494</td>\n",
       "      <td>-0.004594</td>\n",
       "      <td>0.000201</td>\n",
       "      <td>0.205696</td>\n",
       "      <td>0.012334</td>\n",
       "      <td>0.223889</td>\n",
       "      <td>-0.000022</td>\n",
       "      <td>-0.005298</td>\n",
       "      <td>-0.019970</td>\n",
       "      <td>0.004106</td>\n",
       "      <td>-0.024732</td>\n",
       "      <td>1.000000</td>\n",
       "      <td>0.003327</td>\n",
       "      <td>0.764602</td>\n",
       "      <td>-0.016637</td>\n",
       "      <td>0.000180</td>\n",
       "      <td>0.015690</td>\n",
       "      <td>-0.000659</td>\n",
       "      <td>0.005036</td>\n",
       "    </tr>\n",
       "    <tr>\n",
       "      <th>pt2</th>\n",
       "      <td>0.151713</td>\n",
       "      <td>0.058921</td>\n",
       "      <td>-0.139395</td>\n",
       "      <td>-0.003715</td>\n",
       "      <td>0.002539</td>\n",
       "      <td>0.005742</td>\n",
       "      <td>-0.031439</td>\n",
       "      <td>-0.005182</td>\n",
       "      <td>-0.000770</td>\n",
       "      <td>-0.008502</td>\n",
       "      <td>0.760540</td>\n",
       "      <td>-0.003728</td>\n",
       "      <td>-0.002838</td>\n",
       "      <td>0.003327</td>\n",
       "      <td>1.000000</td>\n",
       "      <td>0.013342</td>\n",
       "      <td>-0.000089</td>\n",
       "      <td>0.010799</td>\n",
       "      <td>0.437192</td>\n",
       "      <td>-0.114653</td>\n",
       "      <td>0.041284</td>\n",
       "    </tr>\n",
       "    <tr>\n",
       "      <th>eta2</th>\n",
       "      <td>0.005278</td>\n",
       "      <td>0.003107</td>\n",
       "      <td>-0.008505</td>\n",
       "      <td>-0.003568</td>\n",
       "      <td>-0.001614</td>\n",
       "      <td>0.229270</td>\n",
       "      <td>0.004483</td>\n",
       "      <td>0.245610</td>\n",
       "      <td>0.000595</td>\n",
       "      <td>-0.004494</td>\n",
       "      <td>-0.007431</td>\n",
       "      <td>-0.002375</td>\n",
       "      <td>-0.021861</td>\n",
       "      <td>0.764602</td>\n",
       "      <td>0.013342</td>\n",
       "      <td>1.000000</td>\n",
       "      <td>-0.022931</td>\n",
       "      <td>-0.002679</td>\n",
       "      <td>0.018756</td>\n",
       "      <td>-0.005679</td>\n",
       "      <td>0.005199</td>\n",
       "    </tr>\n",
       "    <tr>\n",
       "      <th>phi2</th>\n",
       "      <td>0.000381</td>\n",
       "      <td>-0.003556</td>\n",
       "      <td>-0.007293</td>\n",
       "      <td>0.002401</td>\n",
       "      <td>-0.222099</td>\n",
       "      <td>0.003700</td>\n",
       "      <td>-0.006780</td>\n",
       "      <td>0.002119</td>\n",
       "      <td>-0.135327</td>\n",
       "      <td>-0.001523</td>\n",
       "      <td>0.008490</td>\n",
       "      <td>-0.004827</td>\n",
       "      <td>0.579371</td>\n",
       "      <td>-0.016637</td>\n",
       "      <td>-0.000089</td>\n",
       "      <td>-0.022931</td>\n",
       "      <td>1.000000</td>\n",
       "      <td>0.001714</td>\n",
       "      <td>-0.004154</td>\n",
       "      <td>-0.001321</td>\n",
       "      <td>-0.004021</td>\n",
       "    </tr>\n",
       "    <tr>\n",
       "      <th>Q2</th>\n",
       "      <td>0.002151</td>\n",
       "      <td>0.003823</td>\n",
       "      <td>-0.001118</td>\n",
       "      <td>0.005806</td>\n",
       "      <td>0.003463</td>\n",
       "      <td>0.000424</td>\n",
       "      <td>-0.003168</td>\n",
       "      <td>0.002920</td>\n",
       "      <td>-0.001833</td>\n",
       "      <td>-0.140458</td>\n",
       "      <td>0.009886</td>\n",
       "      <td>-0.007481</td>\n",
       "      <td>-0.001656</td>\n",
       "      <td>0.000180</td>\n",
       "      <td>0.010799</td>\n",
       "      <td>-0.002679</td>\n",
       "      <td>0.001714</td>\n",
       "      <td>1.000000</td>\n",
       "      <td>-0.000390</td>\n",
       "      <td>-0.006126</td>\n",
       "      <td>0.003872</td>\n",
       "    </tr>\n",
       "    <tr>\n",
       "      <th>M</th>\n",
       "      <td>0.129529</td>\n",
       "      <td>0.052378</td>\n",
       "      <td>0.285270</td>\n",
       "      <td>0.006119</td>\n",
       "      <td>0.007633</td>\n",
       "      <td>0.011695</td>\n",
       "      <td>0.437208</td>\n",
       "      <td>0.017178</td>\n",
       "      <td>0.001940</td>\n",
       "      <td>0.005604</td>\n",
       "      <td>0.324691</td>\n",
       "      <td>-0.004408</td>\n",
       "      <td>-0.011740</td>\n",
       "      <td>0.015690</td>\n",
       "      <td>0.437192</td>\n",
       "      <td>0.018756</td>\n",
       "      <td>-0.004154</td>\n",
       "      <td>-0.000390</td>\n",
       "      <td>1.000000</td>\n",
       "      <td>-0.095532</td>\n",
       "      <td>0.037456</td>\n",
       "    </tr>\n",
       "    <tr>\n",
       "      <th>is_same_charge</th>\n",
       "      <td>-0.027687</td>\n",
       "      <td>-0.007009</td>\n",
       "      <td>-0.029169</td>\n",
       "      <td>-0.000906</td>\n",
       "      <td>0.000799</td>\n",
       "      <td>0.001090</td>\n",
       "      <td>-0.112885</td>\n",
       "      <td>0.001802</td>\n",
       "      <td>0.004399</td>\n",
       "      <td>-0.005083</td>\n",
       "      <td>-0.026206</td>\n",
       "      <td>0.001783</td>\n",
       "      <td>0.001674</td>\n",
       "      <td>-0.000659</td>\n",
       "      <td>-0.114653</td>\n",
       "      <td>-0.005679</td>\n",
       "      <td>-0.001321</td>\n",
       "      <td>-0.006126</td>\n",
       "      <td>-0.095532</td>\n",
       "      <td>1.000000</td>\n",
       "      <td>-0.007757</td>\n",
       "    </tr>\n",
       "    <tr>\n",
       "      <th>is_outlier</th>\n",
       "      <td>0.159051</td>\n",
       "      <td>0.715562</td>\n",
       "      <td>0.026969</td>\n",
       "      <td>-0.000588</td>\n",
       "      <td>0.001666</td>\n",
       "      <td>-0.001575</td>\n",
       "      <td>0.042474</td>\n",
       "      <td>-0.001814</td>\n",
       "      <td>0.000987</td>\n",
       "      <td>-0.001928</td>\n",
       "      <td>0.029727</td>\n",
       "      <td>0.000026</td>\n",
       "      <td>-0.005148</td>\n",
       "      <td>0.005036</td>\n",
       "      <td>0.041284</td>\n",
       "      <td>0.005199</td>\n",
       "      <td>-0.004021</td>\n",
       "      <td>0.003872</td>\n",
       "      <td>0.037456</td>\n",
       "      <td>-0.007757</td>\n",
       "      <td>1.000000</td>\n",
       "    </tr>\n",
       "  </tbody>\n",
       "</table>\n",
       "</div>"
      ],
      "text/plain": [
       "                     Run     Event        E1       px1       py1       pz1  \\\n",
       "Run             1.000000  0.177636  0.093140 -0.000827  0.002662 -0.008299   \n",
       "Event           0.177636  1.000000  0.040559 -0.001202  0.001131 -0.003443   \n",
       "E1              0.093140  0.040559  1.000000  0.006231  0.033957 -0.043035   \n",
       "px1            -0.000827 -0.001202  0.006231  1.000000 -0.008200 -0.012873   \n",
       "py1             0.002662  0.001131  0.033957 -0.008200  1.000000 -0.010293   \n",
       "pz1            -0.008299 -0.003443 -0.043035 -0.012873 -0.010293  1.000000   \n",
       "pt1             0.154392  0.059025  0.716320 -0.004707  0.014018 -0.010606   \n",
       "eta1           -0.005276 -0.005417 -0.020585 -0.010393 -0.011618  0.771592   \n",
       "phi1           -0.001510 -0.000419  0.020396 -0.007341  0.594044 -0.011280   \n",
       "Q1              0.002051 -0.005765  0.018595 -0.005298 -0.002700 -0.002744   \n",
       "E2              0.099281  0.042166 -0.154309 -0.004719  0.001959  0.001861   \n",
       "px2             0.002639 -0.000843 -0.010229 -0.326463  0.002912  0.002624   \n",
       "py2            -0.004982 -0.004391 -0.020240  0.001323 -0.333620 -0.001766   \n",
       "pz2             0.002783  0.002237 -0.000494 -0.004594  0.000201  0.205696   \n",
       "pt2             0.151713  0.058921 -0.139395 -0.003715  0.002539  0.005742   \n",
       "eta2            0.005278  0.003107 -0.008505 -0.003568 -0.001614  0.229270   \n",
       "phi2            0.000381 -0.003556 -0.007293  0.002401 -0.222099  0.003700   \n",
       "Q2              0.002151  0.003823 -0.001118  0.005806  0.003463  0.000424   \n",
       "M               0.129529  0.052378  0.285270  0.006119  0.007633  0.011695   \n",
       "is_same_charge -0.027687 -0.007009 -0.029169 -0.000906  0.000799  0.001090   \n",
       "is_outlier      0.159051  0.715562  0.026969 -0.000588  0.001666 -0.001575   \n",
       "\n",
       "                     pt1      eta1      phi1        Q1        E2       px2  \\\n",
       "Run             0.154392 -0.005276 -0.001510  0.002051  0.099281  0.002639   \n",
       "Event           0.059025 -0.005417 -0.000419 -0.005765  0.042166 -0.000843   \n",
       "E1              0.716320 -0.020585  0.020396  0.018595 -0.154309 -0.010229   \n",
       "px1            -0.004707 -0.010393 -0.007341 -0.005298 -0.004719 -0.326463   \n",
       "py1             0.014018 -0.011618  0.594044 -0.002700  0.001959  0.002912   \n",
       "pz1            -0.010606  0.771592 -0.011280 -0.002744  0.001861  0.002624   \n",
       "pt1             1.000000  0.012586  0.004906  0.018396 -0.170383 -0.008304   \n",
       "eta1            0.012586  1.000000 -0.013349 -0.001749 -0.008840 -0.000786   \n",
       "phi1            0.004906 -0.013349  1.000000  0.000764  0.001469  0.003053   \n",
       "Q1              0.018396 -0.001749  0.000764  1.000000 -0.011870 -0.003535   \n",
       "E2             -0.170383 -0.008840  0.001469 -0.011870  1.000000  0.006713   \n",
       "px2            -0.008304 -0.000786  0.003053 -0.003535  0.006713  1.000000   \n",
       "py2            -0.020205 -0.004025 -0.217739  0.003557  0.001373  0.004014   \n",
       "pz2             0.012334  0.223889 -0.000022 -0.005298 -0.019970  0.004106   \n",
       "pt2            -0.031439 -0.005182 -0.000770 -0.008502  0.760540 -0.003728   \n",
       "eta2            0.004483  0.245610  0.000595 -0.004494 -0.007431 -0.002375   \n",
       "phi2           -0.006780  0.002119 -0.135327 -0.001523  0.008490 -0.004827   \n",
       "Q2             -0.003168  0.002920 -0.001833 -0.140458  0.009886 -0.007481   \n",
       "M               0.437208  0.017178  0.001940  0.005604  0.324691 -0.004408   \n",
       "is_same_charge -0.112885  0.001802  0.004399 -0.005083 -0.026206  0.001783   \n",
       "is_outlier      0.042474 -0.001814  0.000987 -0.001928  0.029727  0.000026   \n",
       "\n",
       "                     py2       pz2       pt2      eta2      phi2        Q2  \\\n",
       "Run            -0.004982  0.002783  0.151713  0.005278  0.000381  0.002151   \n",
       "Event          -0.004391  0.002237  0.058921  0.003107 -0.003556  0.003823   \n",
       "E1             -0.020240 -0.000494 -0.139395 -0.008505 -0.007293 -0.001118   \n",
       "px1             0.001323 -0.004594 -0.003715 -0.003568  0.002401  0.005806   \n",
       "py1            -0.333620  0.000201  0.002539 -0.001614 -0.222099  0.003463   \n",
       "pz1            -0.001766  0.205696  0.005742  0.229270  0.003700  0.000424   \n",
       "pt1            -0.020205  0.012334 -0.031439  0.004483 -0.006780 -0.003168   \n",
       "eta1           -0.004025  0.223889 -0.005182  0.245610  0.002119  0.002920   \n",
       "phi1           -0.217739 -0.000022 -0.000770  0.000595 -0.135327 -0.001833   \n",
       "Q1              0.003557 -0.005298 -0.008502 -0.004494 -0.001523 -0.140458   \n",
       "E2              0.001373 -0.019970  0.760540 -0.007431  0.008490  0.009886   \n",
       "px2             0.004014  0.004106 -0.003728 -0.002375 -0.004827 -0.007481   \n",
       "py2             1.000000 -0.024732 -0.002838 -0.021861  0.579371 -0.001656   \n",
       "pz2            -0.024732  1.000000  0.003327  0.764602 -0.016637  0.000180   \n",
       "pt2            -0.002838  0.003327  1.000000  0.013342 -0.000089  0.010799   \n",
       "eta2           -0.021861  0.764602  0.013342  1.000000 -0.022931 -0.002679   \n",
       "phi2            0.579371 -0.016637 -0.000089 -0.022931  1.000000  0.001714   \n",
       "Q2             -0.001656  0.000180  0.010799 -0.002679  0.001714  1.000000   \n",
       "M              -0.011740  0.015690  0.437192  0.018756 -0.004154 -0.000390   \n",
       "is_same_charge  0.001674 -0.000659 -0.114653 -0.005679 -0.001321 -0.006126   \n",
       "is_outlier     -0.005148  0.005036  0.041284  0.005199 -0.004021  0.003872   \n",
       "\n",
       "                       M  is_same_charge  is_outlier  \n",
       "Run             0.129529       -0.027687    0.159051  \n",
       "Event           0.052378       -0.007009    0.715562  \n",
       "E1              0.285270       -0.029169    0.026969  \n",
       "px1             0.006119       -0.000906   -0.000588  \n",
       "py1             0.007633        0.000799    0.001666  \n",
       "pz1             0.011695        0.001090   -0.001575  \n",
       "pt1             0.437208       -0.112885    0.042474  \n",
       "eta1            0.017178        0.001802   -0.001814  \n",
       "phi1            0.001940        0.004399    0.000987  \n",
       "Q1              0.005604       -0.005083   -0.001928  \n",
       "E2              0.324691       -0.026206    0.029727  \n",
       "px2            -0.004408        0.001783    0.000026  \n",
       "py2            -0.011740        0.001674   -0.005148  \n",
       "pz2             0.015690       -0.000659    0.005036  \n",
       "pt2             0.437192       -0.114653    0.041284  \n",
       "eta2            0.018756       -0.005679    0.005199  \n",
       "phi2           -0.004154       -0.001321   -0.004021  \n",
       "Q2             -0.000390       -0.006126    0.003872  \n",
       "M               1.000000       -0.095532    0.037456  \n",
       "is_same_charge -0.095532        1.000000   -0.007757  \n",
       "is_outlier      0.037456       -0.007757    1.000000  "
      ]
     },
     "execution_count": 42,
     "metadata": {},
     "output_type": "execute_result"
    }
   ],
   "source": [
    "df_cleaned.corr()"
   ]
  },
  {
   "cell_type": "markdown",
   "metadata": {},
   "source": [
    "Results sin normnalizar -> (17.717622715597013, 12.581512831873468, 0.507506217561434)"
   ]
  },
  {
   "cell_type": "code",
   "execution_count": 43,
   "metadata": {},
   "outputs": [],
   "source": [
    "features = df_cleaned[[\"Run\", \"px1\", \"py1\" \"px2\", \"py2\", \"is_same_charge\", \"is_outlier\"]]\n",
    "target = df_cleaned[[\"M\"]]"
   ]
  },
  {
   "cell_type": "code",
   "execution_count": 44,
   "metadata": {},
   "outputs": [],
   "source": [
    "from sklearn.model_selection import train_test_split\n",
    "\n",
    "X_train, X_test, y_train, y_test = train_test_split(features, target, test_size=0.20, random_state=42)"
   ]
  },
  {
   "cell_type": "code",
   "execution_count": 45,
   "metadata": {},
   "outputs": [],
   "source": [
    "from sklearn.preprocessing import MinMaxScaler\n",
    "\n",
    "normalizer = MinMaxScaler()\n",
    "\n",
    "X_train_norm= normalizer.fit_transform(X_train)        \n",
    "\n",
    "X_test_norm = normalizer.transform(X_test)"
   ]
  },
  {
   "cell_type": "code",
   "execution_count": 46,
   "metadata": {},
   "outputs": [],
   "source": [
    "X_train_norm = pd.DataFrame(X_train_norm, columns = X_train.columns)   \n",
    "X_test_norm = pd.DataFrame(X_test_norm, columns = X_test.columns)"
   ]
  },
  {
   "cell_type": "code",
   "execution_count": 47,
   "metadata": {},
   "outputs": [
    {
     "name": "stderr",
     "output_type": "stream",
     "text": [
      "c:\\Anaconda\\Lib\\site-packages\\sklearn\\base.py:1474: DataConversionWarning: A column-vector y was passed when a 1d array was expected. Please change the shape of y to (n_samples,), for example using ravel().\n",
      "  return fit_method(estimator, *args, **kwargs)\n"
     ]
    },
    {
     "name": "stdout",
     "output_type": "stream",
     "text": [
      "\n",
      "Random Forest:\n",
      "Mean Absolute Error: 2.3478761082736876\n",
      "Root Mean Squared Error: 3.918134937140667\n",
      "R2: 0.9759148902055805\n",
      "\n",
      "Model Accuracy Comparison:\n",
      "Random Forest: 0.9759\n",
      "\n",
      "Best performing model: Random Forest with accuracy 0.9759\n"
     ]
    }
   ],
   "source": [
    "from sklearn.ensemble import RandomForestRegressor\n",
    "from sklearn.linear_model import LinearRegression\n",
    "from sklearn.tree import DecisionTreeRegressor\n",
    "from sklearn.svm import SVR\n",
    "from sklearn.metrics import root_mean_squared_error, mean_absolute_error, r2_score\n",
    "\n",
    "# Define models\n",
    "models = {\n",
    "\n",
    "  'Random Forest': RandomForestRegressor(random_state=42, n_estimators=100),\n",
    "\n",
    "}   \n",
    "\n",
    "# Train and evaluate models\n",
    "results = {}\n",
    "\n",
    "for name, model in models.items():\n",
    "  # Train the model\n",
    "    model.fit(X_train_norm, y_train)\n",
    "  \n",
    "  # Make predictions\n",
    "    y_pred_scaled = model.predict(X_test_norm)\n",
    "\n",
    "    mae_standardized = mean_absolute_error(y_test, y_pred_scaled)\n",
    "    mse_standardized = root_mean_squared_error(y_test, y_pred_scaled)\n",
    "    r2_standardized = r2_score(y_test, y_pred_scaled)\n",
    "  \n",
    "  # Store results\n",
    "    results[name] = {\n",
    "        'mae' : mae_standardized,\n",
    "        'mse' : mse_standardized,\n",
    "        'R2' : r2_standardized\n",
    "  }\n",
    "\n",
    "# Print results\n",
    "for name, result in results.items():\n",
    "  print(f\"\\n{name}:\")\n",
    "  print(f\"Mean Absolute Error: {result['mae']}\")\n",
    "  print(f\"Root Mean Squared Error: {result['mse']}\")\n",
    "  print(f\"R2: {result['R2']}\")\n",
    "\n",
    "# Compare R2_value\n",
    "r2_values = {name: result['R2'] for name, result in results.items()}\n",
    "best_model = max(r2_values, key=r2_values.get)\n",
    "\n",
    "print(\"\\nModel Accuracy Comparison:\")\n",
    "for name, accuracy in r2_values.items():\n",
    "  print(f\"{name}: {accuracy:.4f}\")\n",
    "\n",
    "print(f\"\\nBest performing model: {best_model} with accuracy {r2_values[best_model]:.4f}\")"
   ]
  },
  {
   "cell_type": "code",
   "execution_count": 48,
   "metadata": {},
   "outputs": [],
   "source": [
    "rf_pred = RandomForestRegressor(random_state=42, n_estimators=100)"
   ]
  },
  {
   "cell_type": "code",
   "execution_count": 49,
   "metadata": {},
   "outputs": [
    {
     "name": "stderr",
     "output_type": "stream",
     "text": [
      "c:\\Anaconda\\Lib\\site-packages\\sklearn\\base.py:1474: DataConversionWarning: A column-vector y was passed when a 1d array was expected. Please change the shape of y to (n_samples,), for example using ravel().\n",
      "  return fit_method(estimator, *args, **kwargs)\n"
     ]
    },
    {
     "data": {
      "text/html": [
       "<style>#sk-container-id-2 {\n",
       "  /* Definition of color scheme common for light and dark mode */\n",
       "  --sklearn-color-text: black;\n",
       "  --sklearn-color-line: gray;\n",
       "  /* Definition of color scheme for unfitted estimators */\n",
       "  --sklearn-color-unfitted-level-0: #fff5e6;\n",
       "  --sklearn-color-unfitted-level-1: #f6e4d2;\n",
       "  --sklearn-color-unfitted-level-2: #ffe0b3;\n",
       "  --sklearn-color-unfitted-level-3: chocolate;\n",
       "  /* Definition of color scheme for fitted estimators */\n",
       "  --sklearn-color-fitted-level-0: #f0f8ff;\n",
       "  --sklearn-color-fitted-level-1: #d4ebff;\n",
       "  --sklearn-color-fitted-level-2: #b3dbfd;\n",
       "  --sklearn-color-fitted-level-3: cornflowerblue;\n",
       "\n",
       "  /* Specific color for light theme */\n",
       "  --sklearn-color-text-on-default-background: var(--sg-text-color, var(--theme-code-foreground, var(--jp-content-font-color1, black)));\n",
       "  --sklearn-color-background: var(--sg-background-color, var(--theme-background, var(--jp-layout-color0, white)));\n",
       "  --sklearn-color-border-box: var(--sg-text-color, var(--theme-code-foreground, var(--jp-content-font-color1, black)));\n",
       "  --sklearn-color-icon: #696969;\n",
       "\n",
       "  @media (prefers-color-scheme: dark) {\n",
       "    /* Redefinition of color scheme for dark theme */\n",
       "    --sklearn-color-text-on-default-background: var(--sg-text-color, var(--theme-code-foreground, var(--jp-content-font-color1, white)));\n",
       "    --sklearn-color-background: var(--sg-background-color, var(--theme-background, var(--jp-layout-color0, #111)));\n",
       "    --sklearn-color-border-box: var(--sg-text-color, var(--theme-code-foreground, var(--jp-content-font-color1, white)));\n",
       "    --sklearn-color-icon: #878787;\n",
       "  }\n",
       "}\n",
       "\n",
       "#sk-container-id-2 {\n",
       "  color: var(--sklearn-color-text);\n",
       "}\n",
       "\n",
       "#sk-container-id-2 pre {\n",
       "  padding: 0;\n",
       "}\n",
       "\n",
       "#sk-container-id-2 input.sk-hidden--visually {\n",
       "  border: 0;\n",
       "  clip: rect(1px 1px 1px 1px);\n",
       "  clip: rect(1px, 1px, 1px, 1px);\n",
       "  height: 1px;\n",
       "  margin: -1px;\n",
       "  overflow: hidden;\n",
       "  padding: 0;\n",
       "  position: absolute;\n",
       "  width: 1px;\n",
       "}\n",
       "\n",
       "#sk-container-id-2 div.sk-dashed-wrapped {\n",
       "  border: 1px dashed var(--sklearn-color-line);\n",
       "  margin: 0 0.4em 0.5em 0.4em;\n",
       "  box-sizing: border-box;\n",
       "  padding-bottom: 0.4em;\n",
       "  background-color: var(--sklearn-color-background);\n",
       "}\n",
       "\n",
       "#sk-container-id-2 div.sk-container {\n",
       "  /* jupyter's `normalize.less` sets `[hidden] { display: none; }`\n",
       "     but bootstrap.min.css set `[hidden] { display: none !important; }`\n",
       "     so we also need the `!important` here to be able to override the\n",
       "     default hidden behavior on the sphinx rendered scikit-learn.org.\n",
       "     See: https://github.com/scikit-learn/scikit-learn/issues/21755 */\n",
       "  display: inline-block !important;\n",
       "  position: relative;\n",
       "}\n",
       "\n",
       "#sk-container-id-2 div.sk-text-repr-fallback {\n",
       "  display: none;\n",
       "}\n",
       "\n",
       "div.sk-parallel-item,\n",
       "div.sk-serial,\n",
       "div.sk-item {\n",
       "  /* draw centered vertical line to link estimators */\n",
       "  background-image: linear-gradient(var(--sklearn-color-text-on-default-background), var(--sklearn-color-text-on-default-background));\n",
       "  background-size: 2px 100%;\n",
       "  background-repeat: no-repeat;\n",
       "  background-position: center center;\n",
       "}\n",
       "\n",
       "/* Parallel-specific style estimator block */\n",
       "\n",
       "#sk-container-id-2 div.sk-parallel-item::after {\n",
       "  content: \"\";\n",
       "  width: 100%;\n",
       "  border-bottom: 2px solid var(--sklearn-color-text-on-default-background);\n",
       "  flex-grow: 1;\n",
       "}\n",
       "\n",
       "#sk-container-id-2 div.sk-parallel {\n",
       "  display: flex;\n",
       "  align-items: stretch;\n",
       "  justify-content: center;\n",
       "  background-color: var(--sklearn-color-background);\n",
       "  position: relative;\n",
       "}\n",
       "\n",
       "#sk-container-id-2 div.sk-parallel-item {\n",
       "  display: flex;\n",
       "  flex-direction: column;\n",
       "}\n",
       "\n",
       "#sk-container-id-2 div.sk-parallel-item:first-child::after {\n",
       "  align-self: flex-end;\n",
       "  width: 50%;\n",
       "}\n",
       "\n",
       "#sk-container-id-2 div.sk-parallel-item:last-child::after {\n",
       "  align-self: flex-start;\n",
       "  width: 50%;\n",
       "}\n",
       "\n",
       "#sk-container-id-2 div.sk-parallel-item:only-child::after {\n",
       "  width: 0;\n",
       "}\n",
       "\n",
       "/* Serial-specific style estimator block */\n",
       "\n",
       "#sk-container-id-2 div.sk-serial {\n",
       "  display: flex;\n",
       "  flex-direction: column;\n",
       "  align-items: center;\n",
       "  background-color: var(--sklearn-color-background);\n",
       "  padding-right: 1em;\n",
       "  padding-left: 1em;\n",
       "}\n",
       "\n",
       "\n",
       "/* Toggleable style: style used for estimator/Pipeline/ColumnTransformer box that is\n",
       "clickable and can be expanded/collapsed.\n",
       "- Pipeline and ColumnTransformer use this feature and define the default style\n",
       "- Estimators will overwrite some part of the style using the `sk-estimator` class\n",
       "*/\n",
       "\n",
       "/* Pipeline and ColumnTransformer style (default) */\n",
       "\n",
       "#sk-container-id-2 div.sk-toggleable {\n",
